#Messung Luft: Druck [mbar] #counts #counts #counts
50       2      2     2
100      4      4     4
150      6      6     7
200      9      8     8
250      11     11    10
300      13     13    13
350      15     15    15
400      17     17    17
450      19     19    19
500      21     21    21
550      23     23    23
600      25     25    25
650      27     28    27
700      29     29    29
750      32     32    31
800      34     34    34
850      36     36    36
900      38     38    38
950      40     40    41
1000     42     42    42     
