-0.01	-66
-0.00996	-66
-0.00992	-66
-0.00988	-66
-0.00984	-66
-0.0098	-66.4
-0.00976	-66
-0.00972	-66
-0.00968	-66.4
-0.00964	-66
-0.0096	-66
-0.00956	-66
-0.00952	-66
-0.00948	-66.4
-0.00944	-66
-0.0094	-66
-0.00936	-66.4
-0.00932	-66
-0.00928	-66
-0.00924	-66
-0.0092	-66
-0.00916	-66
-0.00912	-66
-0.00908	-66
-0.00904	-66
-0.009	-66.4
-0.00896	-66
-0.00892	-66
-0.00888	-66
-0.00884	-66.4
-0.0088	-66
-0.00876	-66
-0.00872	-66
-0.00868	-66
-0.00864	-66.4
-0.0086	-66
-0.00856	-66
-0.00852	-66
-0.00848	-66
-0.00844	-66
-0.0084	-66
-0.00836	-66.4
-0.00832	-66
-0.00828	-66.4
-0.00824	-66.4
-0.0082	-66
-0.00816	-66
-0.00812	-66.4
-0.00808	-66
-0.00804	-66.4
-0.008	-66.4
-0.00796	-66.4
-0.00792	-66
-0.00788	-66
-0.00784	-66
-0.0078	-66
-0.00776	-66
-0.00772	-66.4
-0.00768	-66.4
-0.00764	-66
-0.0076	-66
-0.00756	-66
-0.00752	-66
-0.00748	-66
-0.00744	-66
-0.0074	-66.4
-0.00736	-66
-0.00732	-66
-0.00728	-66
-0.00724	-66
-0.0072	-66
-0.00716	-66
-0.00712	-66
-0.00708	-66.4
-0.00704	-66
-0.007	-66
-0.00696	-66
-0.00692	-66
-0.00688	-66.4
-0.00684	-66
-0.0068	-66.4
-0.00676	-66.4
-0.00672	-66.4
-0.00668	-66.4
-0.00664	-66.4
-0.0066	-66.4
-0.00656	-66.4
-0.00652	-66.4
-0.00648	-66
-0.00644	-66.4
-0.0064	-66
-0.00636	-66
-0.00632	-66
-0.00628	-66
-0.00624	-66.4
-0.0062	-66.4
-0.00616	-66.4
-0.00612	-66.4
-0.00608	-66.4
-0.00604	-66
-0.006	-66.4
-0.00596	-66
-0.00592	-66.4
-0.00588	-66.4
-0.00584	-66.4
-0.0058	-66
-0.00576	-66.4
-0.00572	-66.4
-0.00568	-66.4
-0.00564	-66.4
-0.0056	-66.4
-0.00556	-66
-0.00552	-66.4
-0.00548	-66.4
-0.00544	-66
-0.0054	-66.4
-0.00536	-66
-0.00532	-66
-0.00528	-66
-0.00524	-66
-0.0052	-66
-0.00516	-66
-0.00512	-66
-0.00508	-66
-0.00504	-66
-0.005	-66
-0.00496	-66
-0.00492	-66
-0.00488	-66.4
-0.00484	-66
-0.0048	-66
-0.00476	-66
-0.00472	-66
-0.00468	-66
-0.00464	-66
-0.0046	-66
-0.00456	-66
-0.00452	-66
-0.00448	-66
-0.00444	-66
-0.0044	-66
-0.00436	-66
-0.00432	-66
-0.00428	-66
-0.00424	-66
-0.0042	-66
-0.00416	-66
-0.00412	-66
-0.00408	-66
-0.00404	-66
-0.004	-66
-0.00396	-66
-0.00392	-66
-0.00388	-66
-0.00384	-66
-0.0038	-66
-0.00376	-66
-0.00372	-66
-0.00368	-66
-0.00364	-66
-0.0036	-66
-0.00356	-66
-0.00352	-66
-0.00348	-66
-0.00344	-66
-0.0034	-66
-0.00336	-66
-0.00332	-66
-0.00328	-66
-0.00324	-66
-0.0032	-66
-0.00316	-66
-0.00312	-66
-0.00308	-66
-0.00304	-66
-0.003	-66
-0.00296	-66
-0.00292	-66
-0.00288	-66
-0.00284	-66
-0.0028	-66
-0.00276	-66
-0.00272	-66
-0.00268	-66
-0.00264	-66
-0.0026	-66
-0.00256	-66
-0.00252	-66
-0.00248	-66
-0.00244	-66
-0.0024	-66
-0.00236	-66
-0.00232	-66
-0.00228	-66
-0.00224	-66
-0.0022	-66
-0.00216	-66
-0.00212	-66
-0.00208	-66
-0.00204	-66
-0.002	-66
-0.00196	-66
-0.00192	-66
-0.00188	-66
-0.00184	-66
-0.0018	-66
-0.00176	-66
-0.00172	-66
-0.00168	-66
-0.00164	-66
-0.0016	-66
-0.00156	-66
-0.00152	-66
-0.00148	-66
-0.00144	-66
-0.0014	-66
-0.00136	-66
-0.00132	-66
-0.00128	-66
-0.00124	-66
-0.0012	-66
-0.00116	-66
-0.00112	-66
-0.00108	-66
-0.00104	-66
-0.001	-66
-0.00096	-66
-0.00092	-66
-0.00088	-66
-0.00084	-66
-0.0008	-66
-0.00076	-66
-0.00072	-66
-0.00068	-66
-0.00064	-66
-0.0006	-66
-0.00056	-66
-0.00052	-66
-0.00048	-66
-0.00044	-66
-0.0004	-66
-0.00036	-66
-0.00032	-66
-0.00028	-66
-0.00024	-66
-0.0002	-66
-0.00016	-66
-0.00012	-66
-0.00008	-66
-0.00004	-66
0	-66
0.00004	-66
0.00008	-65.6
0.00012	-65.2
0.00016	-65.2
0.0002	-64.8
0.00024	-64.8
0.00028	-64.4
0.00032	-64
0.00036	-64
0.0004	-63.6
0.00044	-63.6
0.00048	-63.2
0.00052	-63.2
0.00056	-62.8
0.0006	-62.4
0.00064	-62.4
0.00068	-62
0.00072	-62
0.00076	-61.6
0.0008	-61.6
0.00084	-61.2
0.00088	-61.2
0.00092	-60.8
0.00096	-60.8
0.001	-60.4
0.00104	-60.4
0.00108	-60
0.00112	-60
0.00116	-60
0.0012	-59.6
0.00124	-59.6
0.00128	-59.2
0.00132	-59.2
0.00136	-58.8
0.0014	-58.8
0.00144	-58.8
0.00148	-58.4
0.00152	-58.4
0.00156	-58
0.0016	-58
0.00164	-57.6
0.00168	-57.6
0.00172	-57.6
0.00176	-57.2
0.0018	-57.2
0.00184	-56.8
0.00188	-56.8
0.00192	-56.8
0.00196	-56.4
0.002	-56.4
0.00204	-56
0.00208	-56
0.00212	-56
0.00216	-55.6
0.0022	-55.6
0.00224	-55.6
0.00228	-55.2
0.00232	-55.2
0.00236	-55.2
0.0024	-54.8
0.00244	-54.8
0.00248	-54.8
0.00252	-54.4
0.00256	-54.4
0.0026	-54.4
0.00264	-54
0.00268	-54
0.00272	-54
0.00276	-53.6
0.0028	-53.6
0.00284	-53.6
0.00288	-53.2
0.00292	-53.2
0.00296	-53.2
0.003	-52.8
0.00304	-52.8
0.00308	-52.8
0.00312	-52.8
0.00316	-52.4
0.0032	-52.4
0.00324	-52.4
0.00328	-52
0.00332	-52
0.00336	-52
0.0034	-52
0.00344	-51.6
0.00348	-51.6
0.00352	-51.6
0.00356	-51.2
0.0036	-51.2
0.00364	-51.2
0.00368	-51.2
0.00372	-50.8
0.00376	-50.8
0.0038	-50.8
0.00384	-50.8
0.00388	-50.8
0.00392	-50.4
0.00396	-50.4
0.004	-50.4
0.00404	-50.4
0.00408	-50
0.00412	-50
0.00416	-50
0.0042	-50
0.00424	-49.6
0.00428	-49.6
0.00432	-49.6
0.00436	-49.6
0.0044	-49.2
0.00444	-49.2
0.00448	-49.2
0.00452	-49.2
0.00456	-49.2
0.0046	-48.8
0.00464	-48.8
0.00468	-48.8
0.00472	-48.8
0.00476	-48.4
0.0048	-48.4
0.00484	-48.4
0.00488	-48.4
0.00492	-48.4
0.00496	-48
0.005	-48
0.00504	-48
0.00508	-48
0.00512	-48
0.00516	-47.6
0.0052	-47.6
0.00524	-47.6
0.00528	-47.6
0.00532	-47.6
0.00536	-47.6
0.0054	-47.2
0.00544	-47.2
0.00548	-47.2
0.00552	-47.2
0.00556	-47.2
0.0056	-46.8
0.00564	-46.8
0.00568	-46.8
0.00572	-46.8
0.00576	-46.8
0.0058	-46.4
0.00584	-46.4
0.00588	-46.4
0.00592	-46.4
0.00596	-46.4
0.006	-46.4
0.00604	-46.4
0.00608	-46
0.00612	-46
0.00616	-46
0.0062	-46
0.00624	-46
0.00628	-46
0.00632	-45.6
0.00636	-45.6
0.0064	-45.6
0.00644	-45.6
0.00648	-45.6
0.00652	-45.2
0.00656	-45.2
0.0066	-45.2
0.00664	-45.2
0.00668	-45.2
0.00672	-45.2
0.00676	-45.2
0.0068	-45.2
0.00684	-44.8
0.00688	-44.8
0.00692	-44.8
0.00696	-44.8
0.007	-44.8
0.00704	-44.8
0.00708	-44.8
0.00712	-44.4
0.00716	-44.4
0.0072	-44.4
0.00724	-44.4
0.00728	-44.4
0.00732	-44.4
0.00736	-44.4
0.0074	-44
0.00744	-44
0.00748	-44
0.00752	-44
0.00756	-44
0.0076	-44
0.00764	-44
0.00768	-44
0.00772	-43.6
0.00776	-43.6
0.0078	-43.6
0.00784	-43.6
0.00788	-43.6
0.00792	-43.6
0.00796	-43.6
0.008	-43.6
0.00804	-43.6
0.00808	-43.2
0.00812	-43.2
0.00816	-43.2
0.0082	-43.2
0.00824	-43.2
0.00828	-43.2
0.00832	-43.2
0.00836	-43.2
0.0084	-43.2
0.00844	-42.8
0.00848	-42.8
0.00852	-42.8
0.00856	-42.8
0.0086	-42.8
0.00864	-42.8
0.00868	-42.8
0.00872	-42.8
0.00876	-42.4
0.0088	-42.4
0.00884	-42.4
0.00888	-42.4
0.00892	-42.4
0.00896	-42.4
0.009	-42.4
0.00904	-42.4
0.00908	-42.4
0.00912	-42.4
0.00916	-42
0.0092	-42
0.00924	-42
0.00928	-42
0.00932	-42
0.00936	-42
0.0094	-42
0.00944	-42
0.00948	-42
0.00952	-42
0.00956	-41.6
0.0096	-41.6
0.00964	-41.6
0.00968	-41.6
0.00972	-41.6
0.00976	-41.6
0.0098	-41.6
0.00984	-41.6
0.00988	-41.6
0.00992	-41.6
0.00996	-41.6
0.01	-41.6
0.01004	-41.6
0.01008	-41.2
0.01012	-41.2
0.01016	-41.2
0.0102	-41.2
0.01024	-41.2
0.01028	-41.2
0.01032	-41.2
0.01036	-41.2
0.0104	-41.2
0.01044	-41.2
0.01048	-41.2
0.01052	-40.8
0.01056	-40.8
0.0106	-40.8
0.01064	-40.8
0.01068	-40.8
0.01072	-40.8
0.01076	-40.8
0.0108	-40.8
0.01084	-40.8
0.01088	-40.8
0.01092	-40.8
0.01096	-40.8
0.011	-40.8
0.01104	-40.4
0.01108	-40.4
0.01112	-40.4
0.01116	-40.4
0.0112	-40.4
0.01124	-40.4
0.01128	-40.4
0.01132	-40.4
0.01136	-40.4
0.0114	-40.4
0.01144	-40.4
0.01148	-40.4
0.01152	-40.4
0.01156	-40
0.0116	-40.4
0.01164	-40
0.01168	-40
0.01172	-40
0.01176	-40
0.0118	-40
0.01184	-40
0.01188	-40
0.01192	-40
0.01196	-40
0.012	-40
0.01204	-40
0.01208	-40
0.01212	-40
0.01216	-39.6
0.0122	-39.6
0.01224	-39.6
0.01228	-39.6
0.01232	-39.6
0.01236	-39.6
0.0124	-39.6
0.01244	-39.6
0.01248	-39.6
0.01252	-39.6
0.01256	-39.6
0.0126	-39.6
0.01264	-39.6
0.01268	-39.6
0.01272	-39.6
0.01276	-39.2
0.0128	-39.2
0.01284	-39.2
0.01288	-39.2
0.01292	-39.2
0.01296	-39.2
0.013	-39.2
0.01304	-39.2
0.01308	-39.2
0.01312	-39.2
0.01316	-39.2
0.0132	-39.2
0.01324	-39.2
0.01328	-39.2
0.01332	-39.2
0.01336	-39.2
0.0134	-39.2
0.01344	-38.8
0.01348	-39.2
0.01352	-38.8
0.01356	-38.8
0.0136	-38.8
0.01364	-38.8
0.01368	-38.8
0.01372	-38.8
0.01376	-38.8
0.0138	-38.8
0.01384	-38.8
0.01388	-38.8
0.01392	-38.8
0.01396	-38.8
0.014	-38.8
0.01404	-38.8
0.01408	-38.8
0.01412	-38.8
0.01416	-38.4
0.0142	-38.4
0.01424	-38.4
0.01428	-38.4
0.01432	-38.4
0.01436	-38.4
0.0144	-38.4
0.01444	-38.4
0.01448	-38.4
0.01452	-38.4
0.01456	-38.4
0.0146	-38.4
0.01464	-38.4
0.01468	-38.4
0.01472	-38.4
0.01476	-38.4
0.0148	-38.4
0.01484	-38
0.01488	-38
0.01492	-38
0.01496	-38
0.015	-38
0.01504	-38
0.01508	-38
0.01512	-38
0.01516	-38
0.0152	-38
0.01524	-38
0.01528	-38
0.01532	-38
0.01536	-38
0.0154	-38
0.01544	-38
0.01548	-38
0.01552	-38
0.01556	-37.6
0.0156	-37.6
0.01564	-38
0.01568	-37.6
0.01572	-37.6
0.01576	-37.6
0.0158	-37.6
0.01584	-37.6
0.01588	-37.6
0.01592	-37.6
0.01596	-37.6
0.016	-37.6
0.01604	-37.6
0.01608	-37.6
0.01612	-37.6
0.01616	-37.6
0.0162	-37.6
0.01624	-37.6
0.01628	-37.6
0.01632	-37.6
0.01636	-37.6
0.0164	-37.6
0.01644	-37.2
0.01648	-37.2
0.01652	-37.2
0.01656	-37.2
0.0166	-37.2
0.01664	-37.2
0.01668	-37.2
0.01672	-37.2
0.01676	-37.2
0.0168	-37.2
0.01684	-37.2
0.01688	-37.2
0.01692	-37.2
0.01696	-37.2
0.017	-37.2
0.01704	-37.2
0.01708	-37.2
0.01712	-37.2
0.01716	-37.2
0.0172	-37.2
0.01724	-37.2
0.01728	-37.2
0.01732	-37.2
0.01736	-36.8
0.0174	-37.2
0.01744	-37.2
0.01748	-36.8
0.01752	-36.8
0.01756	-36.8
0.0176	-36.8
0.01764	-36.8
0.01768	-36.8
0.01772	-36.8
0.01776	-36.8
0.0178	-36.8
0.01784	-36.8
0.01788	-36.8
0.01792	-36.8
0.01796	-36.8
0.018	-36.8
0.01804	-36.8
0.01808	-36.8
0.01812	-36.8
0.01816	-36.8
0.0182	-36.8
0.01824	-36.8
0.01828	-36.8
0.01832	-36.8
0.01836	-36.8
0.0184	-36.8
0.01844	-36.8
0.01848	-36.8
0.01852	-36.8
0.01856	-36.4
0.0186	-36.4
0.01864	-36.4
0.01868	-36.4
0.01872	-36.4
0.01876	-36.4
0.0188	-36.4
0.01884	-36.4
0.01888	-36.4
0.01892	-36.4
0.01896	-36.4
0.019	-36.4
0.01904	-36.4
0.01908	-36.4
0.01912	-36.4
0.01916	-36.4
0.0192	-36.4
0.01924	-36.4
0.01928	-36.4
0.01932	-36.4
0.01936	-36.4
0.0194	-36.4
0.01944	-36.4
0.01948	-36.4
0.01952	-36.4
0.01956	-36.4
0.0196	-36.4
0.01964	-36.4
0.01968	-36.4
0.01972	-36.4
0.01976	-36.4
0.0198	-36
0.01984	-36
0.01988	-36
0.01992	-36
0.01996	-36
0.02	-36
0.02004	-36
0.02008	-36
0.02012	-36
0.02016	-36
0.0202	-36
0.02024	-36
0.02028	-36
0.02032	-36
0.02036	-36
0.0204	-36
0.02044	-36
0.02048	-36
0.02052	-36
0.02056	-36
0.0206	-36
0.02064	-36
0.02068	-36
0.02072	-36
0.02076	-36
0.0208	-36
0.02084	-36
0.02088	-36
0.02092	-36
0.02096	-36
0.021	-36
0.02104	-36
0.02108	-36
0.02112	-36
0.02116	-36
0.0212	-36
0.02124	-36
0.02128	-36
0.02132	-36
0.02136	-36
0.0214	-36
0.02144	-36
0.02148	-36
0.02152	-35.6
0.02156	-36
0.0216	-35.6
0.02164	-35.6
0.02168	-35.6
0.02172	-35.6
0.02176	-35.6
0.0218	-35.6
0.02184	-35.6
0.02188	-35.6
0.02192	-35.6
0.02196	-35.6
0.022	-35.6
0.02204	-35.6
0.02208	-35.6
0.02212	-35.6
0.02216	-35.6
0.0222	-35.6
0.02224	-35.6
0.02228	-35.6
0.02232	-35.6
0.02236	-35.6
0.0224	-35.6
0.02244	-35.6
0.02248	-35.6
0.02252	-35.6
0.02256	-35.6
0.0226	-35.6
0.02264	-35.6
0.02268	-35.6
0.02272	-35.6
0.02276	-35.6
0.0228	-35.6
0.02284	-35.6
0.02288	-35.6
0.02292	-35.6
0.02296	-35.6
0.023	-35.2
0.02304	-35.6
0.02308	-35.6
0.02312	-35.6
0.02316	-35.2
0.0232	-35.2
0.02324	-35.2
0.02328	-35.2
0.02332	-35.2
0.02336	-35.2
0.0234	-35.2
0.02344	-35.2
0.02348	-35.2
0.02352	-35.2
0.02356	-35.2
0.0236	-35.2
0.02364	-35.2
0.02368	-35.2
0.02372	-35.2
0.02376	-35.2
0.0238	-35.2
0.02384	-35.2
0.02388	-35.2
0.02392	-35.2
0.02396	-35.2
0.024	-35.2
0.02404	-35.2
0.02408	-35.2
0.02412	-35.2
0.02416	-35.2
0.0242	-35.2
0.02424	-35.2
0.02428	-35.2
0.02432	-35.2
0.02436	-35.2
0.0244	-35.2
0.02444	-35.2
0.02448	-35.2
0.02452	-35.2
0.02456	-35.2
0.0246	-35.2
0.02464	-35.2
0.02468	-35.2
0.02472	-35.2
0.02476	-35.2
0.0248	-34.8
0.02484	-34.8
0.02488	-35.2
0.02492	-35.2
0.02496	-34.8
0.025	-34.8
0.02504	-34.8
0.02508	-34.8
0.02512	-34.8
0.02516	-34.8
0.0252	-34.8
0.02524	-34.8
0.02528	-34.8
0.02532	-34.8
0.02536	-34.8
0.0254	-34.8
0.02544	-34.8
0.02548	-34.8
0.02552	-34.8
0.02556	-34.8
0.0256	-34.8
0.02564	-34.8
0.02568	-34.8
0.02572	-34.8
0.02576	-34.8
0.0258	-34.8
0.02584	-34.8
0.02588	-34.8
0.02592	-34.8
0.02596	-34.8
0.026	-34.8
0.02604	-34.8
0.02608	-34.8
0.02612	-34.8
0.02616	-34.8
0.0262	-34.8
0.02624	-34.8
0.02628	-34.8
0.02632	-34.8
0.02636	-34.8
0.0264	-34.8
0.02644	-34.8
0.02648	-34.8
0.02652	-34.8
0.02656	-34.8
0.0266	-34.8
0.02664	-34.8
0.02668	-34.8
0.02672	-34.8
0.02676	-34.8
0.0268	-34.8
0.02684	-34.4
0.02688	-34.8
0.02692	-34.4
0.02696	-34.4
0.027	-34.8
0.02704	-34.4
0.02708	-34.8
0.02712	-34.4
0.02716	-34.4
0.0272	-34.4
0.02724	-34.4
0.02728	-34.4
0.02732	-34.4
0.02736	-34.4
0.0274	-34.4
0.02744	-34.4
0.02748	-34.4
0.02752	-34.4
0.02756	-34.4
0.0276	-34.4
0.02764	-34.4
0.02768	-34.4
0.02772	-34.4
0.02776	-34.4
0.0278	-34.4
0.02784	-34.4
0.02788	-34.4
0.02792	-34.4
0.02796	-34.4
0.028	-34.4
0.02804	-34.4
0.02808	-34.4
0.02812	-34.4
0.02816	-34.4
0.0282	-34.4
0.02824	-34.4
0.02828	-34.4
0.02832	-34.4
0.02836	-34.4
0.0284	-34.4
0.02844	-34.4
0.02848	-34.4
0.02852	-34.4
0.02856	-34.4
0.0286	-34.4
0.02864	-34.4
0.02868	-34.4
0.02872	-34.4
0.02876	-34.4
0.0288	-34.4
0.02884	-34.4
0.02888	-34.4
0.02892	-34.4
0.02896	-34.4
0.029	-34.4
0.02904	-34.4
0.02908	-34.4
0.02912	-34.4
0.02916	-34.4
0.0292	-34
0.02924	-34.4
0.02928	-34.4
0.02932	-34.4
0.02936	-34.4
0.0294	-34.4
0.02944	-34.4
0.02948	-34.4
0.02952	-34.4
0.02956	-34
0.0296	-34.4
0.02964	-34.4
0.02968	-34
0.02972	-34
0.02976	-34
0.0298	-34.4
0.02984	-34
0.02988	-34
0.02992	-34
0.02996	-34
0.03	-34
0.03004	-34
0.03008	-34
0.03012	-34
0.03016	-34.4
0.0302	-34
0.03024	-34
0.03028	-34
0.03032	-34
0.03036	-34
0.0304	-34
0.03044	-34
0.03048	-34
0.03052	-34
0.03056	-34
0.0306	-34
0.03064	-34
0.03068	-34
0.03072	-34
0.03076	-34
0.0308	-34
0.03084	-34
0.03088	-34
0.03092	-34
0.03096	-34
0.031	-34
0.03104	-34
0.03108	-34
0.03112	-34
0.03116	-34
0.0312	-34
0.03124	-34
0.03128	-34
0.03132	-34
0.03136	-34
0.0314	-34
0.03144	-34
0.03148	-34
0.03152	-34
0.03156	-34
0.0316	-34
0.03164	-34
0.03168	-34
0.03172	-34
0.03176	-34
0.0318	-34
0.03184	-34
0.03188	-34
0.03192	-34
0.03196	-34
0.032	-34
0.03204	-34
0.03208	-34
0.03212	-34
0.03216	-34
0.0322	-34
0.03224	-34
0.03228	-34
0.03232	-34
0.03236	-34
0.0324	-34
0.03244	-34
0.03248	-34
0.03252	-34
0.03256	-34
0.0326	-34
0.03264	-34
0.03268	-34
0.03272	-34
0.03276	-34
0.0328	-34
0.03284	-34
0.03288	-34
0.03292	-34
0.03296	-34
0.033	-34
0.03304	-34
0.03308	-34
0.03312	-34
0.03316	-34
0.0332	-34
0.03324	-34
0.03328	-34
0.03332	-34
0.03336	-34
0.0334	-34
0.03344	-34
0.03348	-34
0.03352	-34
0.03356	-34
0.0336	-34
0.03364	-34
0.03368	-34
0.03372	-34
0.03376	-34
0.0338	-34
0.03384	-33.6
0.03388	-33.6
0.03392	-34
0.03396	-34
0.034	-34
0.03404	-33.6
0.03408	-33.6
0.03412	-33.6
0.03416	-33.6
0.0342	-34
0.03424	-34
0.03428	-33.6
0.03432	-33.6
0.03436	-34
0.0344	-33.6
0.03444	-33.6
0.03448	-33.6
0.03452	-33.6
0.03456	-33.6
0.0346	-33.6
0.03464	-33.6
0.03468	-33.6
0.03472	-33.6
0.03476	-33.6
0.0348	-33.6
0.03484	-33.6
0.03488	-33.6
0.03492	-33.6
0.03496	-33.6
0.035	-33.6
0.03504	-33.6
0.03508	-33.6
0.03512	-33.6
0.03516	-33.6
0.0352	-33.6
0.03524	-33.6
0.03528	-33.6
0.03532	-33.6
0.03536	-33.6
0.0354	-33.6
0.03544	-33.6
0.03548	-33.6
0.03552	-33.6
0.03556	-33.6
0.0356	-33.6
0.03564	-33.6
0.03568	-33.6
0.03572	-33.6
0.03576	-33.6
0.0358	-33.6
0.03584	-33.6
0.03588	-33.6
0.03592	-33.6
0.03596	-33.6
0.036	-33.6
0.03604	-33.6
0.03608	-33.6
0.03612	-33.6
0.03616	-33.6
0.0362	-33.6
0.03624	-33.6
0.03628	-33.6
0.03632	-33.6
0.03636	-33.6
0.0364	-33.6
0.03644	-33.6
0.03648	-33.6
0.03652	-33.6
0.03656	-33.6
0.0366	-33.6
0.03664	-33.6
0.03668	-33.6
0.03672	-33.6
0.03676	-33.6
0.0368	-33.6
0.03684	-33.6
0.03688	-33.6
0.03692	-33.6
0.03696	-33.6
0.037	-33.6
0.03704	-33.6
0.03708	-33.6
0.03712	-33.6
0.03716	-33.6
0.0372	-33.6
0.03724	-33.6
0.03728	-33.6
0.03732	-33.6
0.03736	-33.6
0.0374	-33.6
0.03744	-33.6
0.03748	-33.6
0.03752	-33.6
0.03756	-33.6
0.0376	-33.6
0.03764	-33.6
0.03768	-33.6
0.03772	-33.6
0.03776	-33.6
0.0378	-33.6
0.03784	-33.6
0.03788	-33.6
0.03792	-33.2
0.03796	-33.2
0.038	-33.2
0.03804	-33.2
0.03808	-33.6
0.03812	-33.6
0.03816	-33.6
0.0382	-33.6
0.03824	-33.2
0.03828	-33.2
0.03832	-33.2
0.03836	-33.2
0.0384	-33.6
0.03844	-33.6
0.03848	-33.2
0.03852	-33.2
0.03856	-33.6
0.0386	-33.6
0.03864	-33.2
0.03868	-33.6
0.03872	-33.2
0.03876	-33.2
0.0388	-33.2
0.03884	-33.2
0.03888	-33.2
0.03892	-33.2
0.03896	-33.2
0.039	-33.2
0.03904	-33.2
0.03908	-33.2
0.03912	-33.2
0.03916	-33.2
0.0392	-33.2
0.03924	-33.2
0.03928	-33.2
0.03932	-33.2
0.03936	-33.2
0.0394	-33.2
0.03944	-33.2
0.03948	-33.2
0.03952	-33.2
0.03956	-33.2
0.0396	-33.2
0.03964	-33.2
0.03968	-33.2
0.03972	-33.2
0.03976	-33.2
0.0398	-33.2
0.03984	-33.2
0.03988	-33.2
0.03992	-33.2
0.03996	-33.2
0.04	-33.2
0.04004	-33.2
0.04008	-33.2
0.04012	-33.2
0.04016	-33.2
0.0402	-33.2
0.04024	-33.2
0.04028	-33.2
0.04032	-33.2
0.04036	-33.2
0.0404	-33.2
0.04044	-33.2
0.04048	-33.2
0.04052	-33.2
0.04056	-33.2
0.0406	-33.2
0.04064	-33.2
0.04068	-33.2
0.04072	-33.2
0.04076	-33.2
0.0408	-33.2
0.04084	-33.2
0.04088	-33.2
0.04092	-33.2
0.04096	-33.2
0.041	-33.2
0.04104	-33.2
0.04108	-33.2
0.04112	-33.2
0.04116	-33.2
0.0412	-33.2
0.04124	-33.2
0.04128	-33.2
0.04132	-33.2
0.04136	-33.2
0.0414	-33.2
0.04144	-33.2
0.04148	-33.2
0.04152	-33.2
0.04156	-33.2
0.0416	-33.2
0.04164	-33.2
0.04168	-33.2
0.04172	-33.2
0.04176	-33.2
0.0418	-33.2
0.04184	-33.2
0.04188	-33.2
0.04192	-33.2
0.04196	-33.2
0.042	-33.2
0.04204	-33.2
0.04208	-33.2
0.04212	-33.2
0.04216	-33.2
0.0422	-33.2
0.04224	-33.2
0.04228	-33.2
0.04232	-33.2
0.04236	-33.2
0.0424	-33.2
0.04244	-33.2
0.04248	-33.2
0.04252	-33.2
0.04256	-33.2
0.0426	-33.2
0.04264	-33.2
0.04268	-33.2
0.04272	-33.2
0.04276	-33.2
0.0428	-33.2
0.04284	-33.2
0.04288	-33.2
0.04292	-33.2
0.04296	-33.2
0.043	-33.2
0.04304	-33.2
0.04308	-33.2
0.04312	-33.2
0.04316	-33.2
0.0432	-33.2
0.04324	-33.2
0.04328	-33.2
0.04332	-33.2
0.04336	-33.2
0.0434	-33.2
0.04344	-33.2
0.04348	-33.2
0.04352	-33.2
0.04356	-33.2
0.0436	-33.2
0.04364	-33.2
0.04368	-33.2
0.04372	-33.2
0.04376	-33.2
0.0438	-33.2
0.04384	-33.2
0.04388	-33.2
0.04392	-33.2
0.04396	-33.2
0.044	-33.2
0.04404	-33.2
0.04408	-33.2
0.04412	-33.2
0.04416	-33.2
0.0442	-33.2
0.04424	-33.2
0.04428	-33.2
0.04432	-33.2
0.04436	-33.2
0.0444	-33.2
0.04444	-33.2
0.04448	-33.2
0.04452	-33.2
0.04456	-33.2
0.0446	-33.2
0.04464	-33.2
0.04468	-33.2
0.04472	-33.2
0.04476	-33.2
0.0448	-33.2
0.04484	-33.2
0.04488	-33.2
0.04492	-33.2
0.04496	-33.2
0.045	-33.2
0.04504	-33.2
0.04508	-33.2
0.04512	-33.2
0.04516	-33.2
0.0452	-33.2
0.04524	-33.2
0.04528	-33.2
0.04532	-33.2
0.04536	-33.2
0.0454	-33.2
0.04544	-33.2
0.04548	-33.2
0.04552	-33.2
0.04556	-33.2
0.0456	-33.2
0.04564	-33.2
0.04568	-33.2
0.04572	-33.2
0.04576	-33.2
0.0458	-33.2
0.04584	-33.2
0.04588	-33.2
0.04592	-33.2
0.04596	-33.2
0.046	-33.2
0.04604	-33.2
0.04608	-33.2
0.04612	-33.2
0.04616	-33.2
0.0462	-33.2
0.04624	-33.2
0.04628	-33.2
0.04632	-33.2
0.04636	-33.2
0.0464	-33.2
0.04644	-33.2
0.04648	-33.2
0.04652	-33.2
0.04656	-33.2
0.0466	-33.2
0.04664	-33.2
0.04668	-33.2
0.04672	-33.2
0.04676	-33.2
0.0468	-33.2
0.04684	-33.2
0.04688	-33.2
0.04692	-33.2
0.04696	-33.2
0.047	-33.2
0.04704	-33.2
0.04708	-33.2
0.04712	-33.2
0.04716	-33.2
0.0472	-33.2
0.04724	-33.2
0.04728	-33.2
0.04732	-33.2
0.04736	-33.2
0.0474	-33.2
0.04744	-32.8
0.04748	-33.2
0.04752	-33.2
0.04756	-33.2
0.0476	-33.2
0.04764	-33.2
0.04768	-33.2
0.04772	-32.8
0.04776	-33.2
0.0478	-33.2
0.04784	-33.2
0.04788	-32.8
0.04792	-32.8
0.04796	-33.2
0.048	-32.8
0.04804	-32.8
0.04808	-33.2
0.04812	-32.8
0.04816	-33.2
0.0482	-32.8
0.04824	-33.2
0.04828	-32.8
0.04832	-33.2
0.04836	-33.2
0.0484	-32.8
0.04844	-32.8
0.04848	-32.8
0.04852	-32.8
0.04856	-33.2
0.0486	-33.2
0.04864	-32.8
0.04868	-33.2
0.04872	-33.2
0.04876	-33.2
0.0488	-32.8
0.04884	-32.8
0.04888	-33.2
0.04892	-32.8
0.04896	-32.8
0.049	-32.8
0.04904	-33.2
0.04908	-33.2
0.04912	-32.8
0.04916	-32.8
0.0492	-32.8
0.04924	-32.8
0.04928	-32.8
0.04932	-33.2
0.04936	-32.8
0.0494	-33.2
0.04944	-33.2
0.04948	-32.8
0.04952	-33.2
0.04956	-32.8
0.0496	-32.8
0.04964	-33.2
0.04968	-32.8
0.04972	-32.8
0.04976	-32.8
0.0498	-32.8
0.04984	-32.8
0.04988	-32.8
0.04992	-32.8
0.04996	-32.8
0.05	-32.8
0.05004	-33.2
0.05008	-33.2
0.05012	-33.2
0.05016	-32.8
0.0502	-33.2
0.05024	-33.2
0.05028	-33.2
0.05032	-33.2
0.05036	-32.8
0.0504	-33.2
0.05044	-33.2
0.05048	-32.8
0.05052	-33.2
0.05056	-33.2
0.0506	-33.2
0.05064	-32.8
0.05068	-33.2
0.05072	-33.2
0.05076	-32.8
0.0508	-33.2
0.05084	-33.2
0.05088	-32.8
0.05092	-33.2
0.05096	-32.8
0.051	-33.2
0.05104	-32.8
0.05108	-33.2
0.05112	-33.2
0.05116	-33.2
0.0512	-33.2
0.05124	-33.2
0.05128	-33.2
0.05132	-33.2
0.05136	-32.8
0.0514	-33.2
0.05144	-32.8
0.05148	-32.8
0.05152	-33.2
0.05156	-32.8
0.0516	-33.2
0.05164	-33.2
0.05168	-33.2
0.05172	-32.8
0.05176	-33.2
0.0518	-32.8
0.05184	-32.8
0.05188	-32.8
0.05192	-32.8
0.05196	-33.2
0.052	-33.2
0.05204	-32.8
0.05208	-33.2
0.05212	-33.2
0.05216	-33.2
0.0522	-32.8
0.05224	-33.2
0.05228	-33.2
0.05232	-32.8
0.05236	-33.2
0.0524	-32.8
0.05244	-32.8
0.05248	-32.8
0.05252	-32.8
0.05256	-32.8
0.0526	-32.8
0.05264	-32.8
0.05268	-32.8
0.05272	-32.8
0.05276	-32.8
0.0528	-32.8
0.05284	-32.8
0.05288	-32.8
0.05292	-33.2
0.05296	-32.8
0.053	-32.8
0.05304	-33.2
0.05308	-33.2
0.05312	-32.8
0.05316	-33.2
0.0532	-33.2
0.05324	-32.8
0.05328	-33.2
0.05332	-33.2
0.05336	-33.2
0.0534	-32.8
0.05344	-32.8
0.05348	-33.2
0.05352	-32.8
0.05356	-32.8
0.0536	-32.8
0.05364	-32.8
0.05368	-32.8
0.05372	-32.8
0.05376	-32.8
0.0538	-32.8
0.05384	-32.8
0.05388	-32.8
0.05392	-32.8
0.05396	-32.8
0.054	-32.8
0.05404	-32.8
0.05408	-32.8
0.05412	-32.8
0.05416	-32.8
0.0542	-32.8
0.05424	-32.8
0.05428	-32.8
0.05432	-32.8
0.05436	-32.8
0.0544	-32.8
0.05444	-32.8
0.05448	-32.8
0.05452	-32.8
0.05456	-32.8
0.0546	-32.8
0.05464	-32.8
0.05468	-32.8
0.05472	-32.8
0.05476	-32.8
0.0548	-32.8
0.05484	-32.8
0.05488	-32.8
0.05492	-32.8
0.05496	-32.8
0.055	-32.8
0.05504	-32.8
0.05508	-32.8
0.05512	-32.8
0.05516	-32.8
0.0552	-32.8
0.05524	-32.8
0.05528	-32.8
0.05532	-32.8
0.05536	-32.8
0.0554	-32.8
0.05544	-32.8
0.05548	-32.8
0.05552	-32.8
0.05556	-32.8
0.0556	-32.8
0.05564	-32.8
0.05568	-32.8
0.05572	-32.8
0.05576	-32.8
0.0558	-32.8
0.05584	-32.8
0.05588	-32.8
0.05592	-32.8
0.05596	-32.8
0.056	-32.8
0.05604	-32.8
0.05608	-32.8
0.05612	-32.8
0.05616	-32.8
0.0562	-32.8
0.05624	-32.8
0.05628	-32.8
0.05632	-32.8
0.05636	-32.8
0.0564	-32.8
0.05644	-32.8
0.05648	-32.8
0.05652	-32.8
0.05656	-32.8
0.0566	-32.8
0.05664	-32.8
0.05668	-32.8
0.05672	-32.8
0.05676	-32.8
0.0568	-32.8
0.05684	-32.8
0.05688	-32.8
0.05692	-32.8
0.05696	-32.8
0.057	-32.8
0.05704	-32.8
0.05708	-32.8
0.05712	-32.8
0.05716	-32.8
0.0572	-32.8
0.05724	-32.8
0.05728	-32.8
0.05732	-32.8
0.05736	-32.8
0.0574	-32.8
0.05744	-32.8
0.05748	-32.8
0.05752	-32.8
0.05756	-32.8
0.0576	-32.8
0.05764	-32.8
0.05768	-32.8
0.05772	-32.8
0.05776	-32.8
0.0578	-32.8
0.05784	-32.8
0.05788	-32.8
0.05792	-32.8
0.05796	-32.8
0.058	-32.8
0.05804	-32.8
0.05808	-32.8
0.05812	-32.8
0.05816	-32.8
0.0582	-32.8
0.05824	-32.8
0.05828	-32.8
0.05832	-32.8
0.05836	-32.8
0.0584	-32.8
0.05844	-32.8
0.05848	-32.8
0.05852	-32.8
0.05856	-32.8
0.0586	-32.8
0.05864	-32.8
0.05868	-32.8
0.05872	-32.8
0.05876	-32.8
0.0588	-32.8
0.05884	-32.8
0.05888	-32.8
0.05892	-32.8
0.05896	-32.8
0.059	-32.8
0.05904	-32.8
0.05908	-32.8
0.05912	-32.8
0.05916	-32.8
0.0592	-32.8
0.05924	-32.8
0.05928	-32.8
0.05932	-32.8
0.05936	-32.8
0.0594	-32.8
0.05944	-32.8
0.05948	-32.8
0.05952	-32.8
0.05956	-32.8
0.0596	-32.8
0.05964	-32.8
0.05968	-32.8
0.05972	-32.8
0.05976	-32.8
0.0598	-32.8
0.05984	-32.8
0.05988	-32.8
0.05992	-32.8
0.05996	-32.8
0.06	-32.8
0.06004	-32.8
0.06008	-32.8
0.06012	-32.8
0.06016	-32.8
0.0602	-32.8
0.06024	-32.8
0.06028	-32.8
0.06032	-32.8
0.06036	-32.8
0.0604	-32.8
0.06044	-32.8
0.06048	-32.8
0.06052	-32.8
0.06056	-32.8
0.0606	-32.8
0.06064	-32.8
0.06068	-32.8
0.06072	-32.8
0.06076	-32.8
0.0608	-32.8
0.06084	-32.8
0.06088	-32.8
0.06092	-32.8
0.06096	-32.8
0.061	-32.8
0.06104	-32.8
0.06108	-32.8
0.06112	-32.8
0.06116	-32.8
0.0612	-32.8
0.06124	-32.8
0.06128	-32.8
0.06132	-32.8
0.06136	-32.8
0.0614	-32.8
0.06144	-32.8
0.06148	-32.8
0.06152	-32.8
0.06156	-32.8
0.0616	-32.8
0.06164	-32.8
0.06168	-32.8
0.06172	-32.8
0.06176	-32.8
0.0618	-32.8
0.06184	-32.8
0.06188	-32.8
0.06192	-32.8
0.06196	-32.8
0.062	-32.8
0.06204	-32.8
0.06208	-32.8
0.06212	-32.8
0.06216	-32.8
0.0622	-32.8
0.06224	-32.8
0.06228	-32.8
0.06232	-32.8
0.06236	-32.8
0.0624	-32.8
0.06244	-32.8
0.06248	-32.8
0.06252	-32.8
0.06256	-32.8
0.0626	-32.8
0.06264	-32.8
0.06268	-32.8
0.06272	-32.8
0.06276	-32.8
0.0628	-32.8
0.06284	-32.8
0.06288	-32.8
0.06292	-32.8
0.06296	-32.8
0.063	-32.8
0.06304	-32.8
0.06308	-32.8
0.06312	-32.8
0.06316	-32.8
0.0632	-32.8
0.06324	-32.8
0.06328	-32.8
0.06332	-32.8
0.06336	-32.8
0.0634	-32.8
0.06344	-32.8
0.06348	-32.8
0.06352	-32.8
0.06356	-32.8
0.0636	-32.8
0.06364	-32.8
0.06368	-32.8
0.06372	-32.8
0.06376	-32.8
0.0638	-32.8
0.06384	-32.8
0.06388	-32.8
0.06392	-32.8
0.06396	-32.8
0.064	-32.8
0.06404	-32.8
0.06408	-32.8
0.06412	-32.8
0.06416	-32.8
0.0642	-32.8
0.06424	-32.8
0.06428	-32.8
0.06432	-32.8
0.06436	-32.8
0.0644	-32.8
0.06444	-32.8
0.06448	-32.8
0.06452	-32.8
0.06456	-32.8
0.0646	-32.8
0.06464	-32.8
0.06468	-32.8
0.06472	-32.8
0.06476	-32.8
0.0648	-32.8
0.06484	-32.8
0.06488	-32.8
0.06492	-32.8
0.06496	-32.8
0.065	-32.8
0.06504	-32.8
0.06508	-32.8
0.06512	-32.8
0.06516	-32.8
0.0652	-32.8
0.06524	-32.8
0.06528	-32.8
0.06532	-32.8
0.06536	-32.8
0.0654	-32.8
0.06544	-32.8
0.06548	-32.8
0.06552	-32.8
0.06556	-32.8
0.0656	-32.8
0.06564	-32.8
0.06568	-32.8
0.06572	-32.8
0.06576	-32.8
0.0658	-32.8
0.06584	-32.8
0.06588	-32.8
0.06592	-32.8
0.06596	-32.8
0.066	-32.8
0.06604	-32.8
0.06608	-32.8
0.06612	-32.8
0.06616	-32.8
0.0662	-32.8
0.06624	-32.8
0.06628	-32.8
0.06632	-32.8
0.06636	-32.8
0.0664	-32.8
0.06644	-32.8
0.06648	-32.8
0.06652	-32.8
0.06656	-32.8
0.0666	-32.8
0.06664	-32.8
0.06668	-32.8
0.06672	-32.8
0.06676	-32.8
0.0668	-32.8
0.06684	-32.8
0.06688	-32.8
0.06692	-32.8
0.06696	-32.8
0.067	-32.8
0.06704	-32.8
0.06708	-32.8
0.06712	-32.8
0.06716	-32.8
0.0672	-32.8
0.06724	-32.8
0.06728	-32.8
0.06732	-32.8
0.06736	-32.8
0.0674	-32.8
0.06744	-32.8
0.06748	-32.8
0.06752	-32.8
0.06756	-32.8
0.0676	-32.8
0.06764	-32.8
0.06768	-32.8
0.06772	-32.8
0.06776	-32.8
0.0678	-32.8
0.06784	-32.8
0.06788	-32.8
0.06792	-32.8
0.06796	-32.8
0.068	-32.8
0.06804	-32.8
0.06808	-32.8
0.06812	-32.8
0.06816	-32.8
0.0682	-32.8
0.06824	-32.8
0.06828	-32.8
0.06832	-32.8
0.06836	-32.8
0.0684	-32.8
0.06844	-32.8
0.06848	-32.8
0.06852	-32.8
0.06856	-32.8
0.0686	-32.8
0.06864	-32.8
0.06868	-32.8
0.06872	-32.8
0.06876	-32.8
0.0688	-32.8
0.06884	-32.8
0.06888	-32.8
0.06892	-32.8
0.06896	-32.8
0.069	-32.8
0.06904	-32.8
0.06908	-32.8
0.06912	-32.8
0.06916	-32.8
0.0692	-32.8
0.06924	-32.8
0.06928	-32.8
0.06932	-32.8
0.06936	-32.8
0.0694	-32.8
0.06944	-32.8
0.06948	-32.8
0.06952	-32.8
0.06956	-32.8
0.0696	-32.8
0.06964	-32.8
0.06968	-32.8
0.06972	-32.8
0.06976	-32.8
0.0698	-32.8
0.06984	-32.8
0.06988	-32.8
0.06992	-32.8
0.06996	-32.8
0.07	-32.8
0.07004	-32.8
0.07008	-32.8
0.07012	-32.8
0.07016	-32.8
0.0702	-32.8
0.07024	-32.8
0.07028	-32.8
0.07032	-32.8
0.07036	-32.8
0.0704	-32.8
0.07044	-32.8
0.07048	-32.8
0.07052	-32.8
0.07056	-32.8
0.0706	-32.8
0.07064	-32.8
0.07068	-32.8
0.07072	-32.8
0.07076	-32.8
0.0708	-32.8
0.07084	-32.8
0.07088	-32.8
0.07092	-32.8
0.07096	-32.8
0.071	-32.8
0.07104	-32.8
0.07108	-32.8
0.07112	-32.8
0.07116	-32.8
0.0712	-32.8
0.07124	-32.8
0.07128	-32.8
0.07132	-32.8
0.07136	-32.8
0.0714	-32.8
0.07144	-32.8
0.07148	-32.8
0.07152	-32.8
0.07156	-32.8
0.0716	-32.8
0.07164	-32.8
0.07168	-32.8
0.07172	-32.8
0.07176	-32.8
0.0718	-32.8
0.07184	-32.8
0.07188	-32.8
0.07192	-32.8
0.07196	-32.8
0.072	-32.8
0.07204	-32.8
0.07208	-32.8
0.07212	-32.8
0.07216	-32.8
0.0722	-32.8
0.07224	-32.8
0.07228	-32.8
0.07232	-32.8
0.07236	-32.8
0.0724	-32.8
0.07244	-32.8
0.07248	-32.8
0.07252	-32.8
0.07256	-32.8
0.0726	-32.8
0.07264	-32.8
0.07268	-32.8
0.07272	-32.8
0.07276	-32.8
0.0728	-32.8
0.07284	-32.8
0.07288	-32.8
0.07292	-32.8
0.07296	-32.8
0.073	-32.8
0.07304	-32.8
0.07308	-32.8
0.07312	-32.8
0.07316	-32.8
0.0732	-32.8
0.07324	-32.8
0.07328	-32.8
0.07332	-32.8
0.07336	-32.8
0.0734	-32.8
0.07344	-32.8
0.07348	-32.8
0.07352	-32.8
0.07356	-32.8
0.0736	-32.8
0.07364	-32.8
0.07368	-32.8
0.07372	-32.8
0.07376	-32.8
0.0738	-32.8
0.07384	-32.8
0.07388	-32.8
0.07392	-32.8
0.07396	-32.8
0.074	-32.8
0.07404	-32.8
0.07408	-32.8
0.07412	-32.8
0.07416	-32.8
0.0742	-32.8
0.07424	-32.8
0.07428	-32.8
0.07432	-32.8
0.07436	-32.8
0.0744	-32.8
0.07444	-32.8
0.07448	-32.8
0.07452	-32.8
0.07456	-32.8
0.0746	-32.8
0.07464	-32.8
0.07468	-32.8
0.07472	-32.8
0.07476	-32.8
0.0748	-32.8
0.07484	-32.8
0.07488	-32.8
0.07492	-32.8
0.07496	-32.8
0.075	-32.8
0.07504	-32.8
0.07508	-32.8
0.07512	-32.8
0.07516	-32.8
0.0752	-32.8
0.07524	-32.8
0.07528	-32.8
0.07532	-32.8
0.07536	-32.8
0.0754	-32.8
0.07544	-32.8
0.07548	-32.8
0.07552	-32.8
0.07556	-32.8
0.0756	-32.8
0.07564	-32.8
0.07568	-32.8
0.07572	-32.8
0.07576	-32.8
0.0758	-32.8
0.07584	-32.8
0.07588	-32.8
0.07592	-32.8
0.07596	-32.8
0.076	-32.8
0.07604	-32.8
0.07608	-32.8
0.07612	-32.8
0.07616	-32.8
0.0762	-32.8
0.07624	-32.8
0.07628	-32.8
0.07632	-32.8
0.07636	-32.8
0.0764	-32.8
0.07644	-32.8
0.07648	-32.8
0.07652	-32.8
0.07656	-32.8
0.0766	-32.8
0.07664	-32.8
0.07668	-32.8
0.07672	-32.8
0.07676	-32.8
0.0768	-32.8
0.07684	-32.8
0.07688	-32.8
0.07692	-32.8
0.07696	-32.8
0.077	-32.8
0.07704	-32.8
0.07708	-32.8
0.07712	-32.8
0.07716	-32.8
0.0772	-32.8
0.07724	-32.8
0.07728	-32.8
0.07732	-32.8
0.07736	-32.8
0.0774	-32.8
0.07744	-32.8
0.07748	-32.8
0.07752	-32.8
0.07756	-32.8
0.0776	-32.8
0.07764	-32.8
0.07768	-32.8
0.07772	-32.8
0.07776	-32.8
0.0778	-32.8
0.07784	-32.8
0.07788	-32.8
0.07792	-32.8
0.07796	-32.8
0.078	-32.8
0.07804	-32.8
0.07808	-32.8
0.07812	-32.8
0.07816	-32.8
0.0782	-32.8
0.07824	-32.8
0.07828	-32.8
0.07832	-32.8
0.07836	-32.8
0.0784	-32.8
0.07844	-32.8
0.07848	-32.8
0.07852	-32.8
0.07856	-32.8
0.0786	-32.8
0.07864	-32.8
0.07868	-32.8
0.07872	-32.8
0.07876	-32.8
0.0788	-32.8
0.07884	-32.8
0.07888	-32.8
0.07892	-32.8
0.07896	-32.8
0.079	-32.8
0.07904	-32.8
0.07908	-32.8
0.07912	-32.8
0.07916	-32.8
0.0792	-32.8
0.07924	-32.8
0.07928	-32.8
0.07932	-32.8
0.07936	-32.8
0.0794	-32.8
0.07944	-32.8
0.07948	-32.8
0.07952	-32.8
0.07956	-32.8
0.0796	-32.8
0.07964	-32.8
0.07968	-32.8
0.07972	-32.8
0.07976	-32.8
0.0798	-32.8
0.07984	-32.8
0.07988	-32.8
0.07992	-32.8
0.07996	-32.8
0.08	-32.8
0.08004	-32.8
0.08008	-32.8
0.08012	-32.8
0.08016	-32.8
0.0802	-32.8
0.08024	-32.8
0.08028	-32.8
0.08032	-32.8
0.08036	-32.8
0.0804	-32.8
0.08044	-32.8
0.08048	-32.8
0.08052	-32.8
0.08056	-32.8
0.0806	-32.8
0.08064	-32.8
0.08068	-32.8
0.08072	-32.8
0.08076	-32.8
0.0808	-32.8
0.08084	-32.8
0.08088	-32.8
0.08092	-32.8
0.08096	-32.8
0.081	-32.8
0.08104	-32.8
0.08108	-32.8
0.08112	-32.8
0.08116	-32.8
0.0812	-32.8
0.08124	-32.8
0.08128	-32.8
0.08132	-32.8
0.08136	-32.8
0.0814	-32.8
0.08144	-32.8
0.08148	-32.8
0.08152	-32.8
0.08156	-32.8
0.0816	-32.8
0.08164	-32.8
0.08168	-32.8
0.08172	-32.8
0.08176	-32.8
0.0818	-32.8
0.08184	-32.8
0.08188	-32.8
0.08192	-32.8
0.08196	-32.8
0.082	-32.8
0.08204	-32.8
0.08208	-32.8
0.08212	-32.8
0.08216	-32.8
0.0822	-32.8
0.08224	-32.8
0.08228	-32.8
0.08232	-32.8
0.08236	-32.8
0.0824	-32.8
0.08244	-32.8
0.08248	-32.8
0.08252	-32.8
0.08256	-32.8
0.0826	-32.8
0.08264	-32.8
0.08268	-32.8
0.08272	-32.8
0.08276	-32.8
0.0828	-32.8
0.08284	-32.8
0.08288	-32.8
0.08292	-32.8
0.08296	-32.8
0.083	-32.8
0.08304	-32.8
0.08308	-32.8
0.08312	-32.8
0.08316	-32.8
0.0832	-32.8
0.08324	-32.8
0.08328	-32.8
0.08332	-32.8
0.08336	-32.8
0.0834	-32.8
0.08344	-32.8
0.08348	-32.8
0.08352	-32.8
0.08356	-32.8
0.0836	-32.8
0.08364	-32.8
0.08368	-32.8
0.08372	-32.8
0.08376	-32.8
0.0838	-32.8
0.08384	-32.8
0.08388	-32.8
0.08392	-32.8
0.08396	-32.8
0.084	-32.8
0.08404	-32.8
0.08408	-32.8
0.08412	-32.8
0.08416	-32.8
0.0842	-32.8
0.08424	-32.8
0.08428	-32.8
0.08432	-32.8
0.08436	-32.8
0.0844	-32.8
0.08444	-32.8
0.08448	-32.8
0.08452	-32.8
0.08456	-32.8
0.0846	-32.8
0.08464	-32.8
0.08468	-32.8
0.08472	-32.8
0.08476	-32.8
0.0848	-32.8
0.08484	-32.8
0.08488	-32.8
0.08492	-32.8
0.08496	-32.8
0.085	-32.8
0.08504	-32.8
0.08508	-32.8
0.08512	-32.8
0.08516	-32.8
0.0852	-32.8
0.08524	-32.8
0.08528	-32.8
0.08532	-32.8
0.08536	-32.8
0.0854	-32.8
0.08544	-32.8
0.08548	-32.8
0.08552	-32.8
0.08556	-32.8
0.0856	-32.8
0.08564	-32.8
0.08568	-32.8
0.08572	-32.8
0.08576	-32.8
0.0858	-32.8
0.08584	-32.8
0.08588	-32.8
0.08592	-32.8
0.08596	-32.8
0.086	-32.8
0.08604	-32.8
0.08608	-32.8
0.08612	-32.8
0.08616	-32.8
0.0862	-32.8
0.08624	-32.8
0.08628	-32.8
0.08632	-32.8
0.08636	-32.8
0.0864	-32.8
0.08644	-32.8
0.08648	-32.8
0.08652	-32.8
0.08656	-32.8
0.0866	-32.8
0.08664	-32.8
0.08668	-32.8
0.08672	-32.8
0.08676	-32.8
0.0868	-32.8
0.08684	-32.8
0.08688	-32.8
0.08692	-32.8
0.08696	-32.8
0.087	-32.8
0.08704	-32.8
0.08708	-32.8
0.08712	-32.8
0.08716	-32.8
0.0872	-32.8
0.08724	-32.8
0.08728	-32.8
0.08732	-32.8
0.08736	-32.8
0.0874	-32.8
0.08744	-32.8
0.08748	-32.8
0.08752	-32.8
0.08756	-32.8
0.0876	-32.8
0.08764	-32.8
0.08768	-32.8
0.08772	-32.8
0.08776	-32.8
0.0878	-32.8
0.08784	-32.8
0.08788	-32.8
0.08792	-32.8
0.08796	-32.8
0.088	-32.8
0.08804	-32.8
0.08808	-32.8
0.08812	-32.8
0.08816	-32.8
0.0882	-32.8
0.08824	-32.8
0.08828	-32.8
0.08832	-32.8
0.08836	-32.8
0.0884	-32.8
0.08844	-32.8
0.08848	-32.8
0.08852	-32.8
0.08856	-32.8
0.0886	-32.8
0.08864	-32.8
0.08868	-32.8
0.08872	-32.8
0.08876	-32.8
0.0888	-32.8
0.08884	-32.8
0.08888	-32.8
0.08892	-32.8
0.08896	-32.8
0.089	-32.8
0.08904	-32.8
0.08908	-32.8
0.08912	-32.8
0.08916	-32.8
0.0892	-32.8
0.08924	-32.8
0.08928	-32.8
0.08932	-32.8
0.08936	-32.8
0.0894	-32.8
0.08944	-32.8
0.08948	-32.8
0.08952	-32.8
0.08956	-32.8
0.0896	-32.8
0.08964	-32.8
0.08968	-32.8
0.08972	-32.8
0.08976	-32.8
0.0898	-32.8
0.08984	-32.8
0.08988	-32.8
0.08992	-32.8
0.08996	-32.8
