# x-Position / Photostrom µA
0       3.4
1       5.6
2       9.8
3      13.9
4      16.5
5      23.2
6      29.8
7      33.2
8      36.0
9      40.7
10     43.2
11     46.7
12     48.8
13     45.6
14     40.9
15     35.8
16     24.2
17     18.8
18     10.4
19      5.6
20      1.6
21      0.2
22      0.7
23      2.1
24      4.3
25      8.0
26     12.2
27     18.9
28     26.0
29     36.8
30     39.2
31     41.2
32     45.0
33     43.5
34     45.6
35     41.2
36     36.8
37     33.5
38     31.5
39     24.9
40     17.7
41     11.4
42     8.6
