# x-Position / Photostrom µA
0       1
1       1
2       1
3       2
4       3
5       3
6       6
7      10
8      14
9      15
10     21
11     32
12     43
13     57
14     80
15     96
16    118
17    149
18    167
19    188
20    226
21    258
22    297
23    345
24    360
25    361
26    370
27    380
28    360
29    347
30    324
31    311
32    286
33    242
34    207
35    180
36    163
37    145
38    138
39    111
40     84
41     57
42     43
43     31
44     22
45     15
46      8
47      4
