$SPEC_ID:
No sample description was entered.
$SPEC_REM:
DET# 1
DETDESC# MYON MCB 337
AP# Maestro Version 6.06
$DATE_MEA:
11/07/2016 14:22:35
$MEAS_TIM:
152016 152017
$DATA:
0 511
       0
       0
      74
     656
     687
     675
     638
     616
     641
     577
     629
     555
    1239
    3648
    3605
    1734
    1012
     658
     592
     498
     500
     467
     476
     471
     418
     434
     410
     381
     442
     380
     392
     376
     338
     367
     350
     369
     318
     344
     308
     322
     299
     269
     293
     324
     282
     281
     288
     279
     272
     263
     261
     250
     275
     234
     231
     227
     198
     219
     213
     217
     222
     187
     199
     181
     162
     194
     192
     176
     172
     181
     163
     176
     165
     146
     142
     163
     145
     141
     145
     138
     114
     136
     132
     134
     111
     111
     114
     127
     115
     109
     117
     120
     105
      92
      96
      99
     116
      93
      82
      91
      94
      85
      97
      73
      83
      81
      78
      75
      68
      68
      71
      77
      53
      66
      79
      80
      60
      66
      54
      51
      57
      41
      79
      44
      63
      54
      43
      60
      49
      62
      52
      46
      50
      41
      49
      38
      53
      44
      35
      28
      44
      43
      33
      36
      51
      43
      29
      37
      30
      29
      28
      27
      41
      33
      37
      33
      34
      29
      20
      28
      27
      29
      30
      33
      26
      28
      29
      24
      36
      28
      20
      26
      27
      12
      28
      26
      15
      31
      14
      16
      20
      18
      18
      14
      17
      17
      18
      27
      14
      13
      14
      16
      19
      13
      20
      22
      13
      21
      12
      15
      14
      12
      21
      18
      12
      19
      17
      14
      14
      17
      14
      10
       7
      26
      11
      13
      12
      13
      13
      16
      16
      15
      10
      11
      16
      11
       7
      11
       8
      17
       6
      11
       8
      11
      12
       9
      10
       9
      11
      15
      13
       6
       9
      13
       8
      11
       9
       8
       7
       5
       8
      11
       7
      12
      13
      14
       6
      13
       6
      11
       6
       9
       8
      11
       7
       6
       7
       8
       4
      12
       4
       8
       4
       4
       5
       3
       7
       2
       6
       4
       6
       3
       7
       5
       4
       6
      10
       5
       5
       7
       6
       3
       4
       5
       6
       4
       6
       8
       8
       7
       8
       4
       5
       7
       5
       4
       7
       1
       5
       3
       9
       5
       7
       3
       5
       8
       6
       6
       6
       4
       6
      11
       6
       6
       6
       7
       3
       3
       5
       8
       5
       6
      11
       1
       8
       4
       6
      10
       2
       5
       2
       3
       5
       0
       0
       0
       0
       0
       0
       0
       0
       0
       0
       0
       0
       0
       0
       0
       0
       0
       0
       0
       0
       0
       0
       0
       0
       0
       0
       1
       0
       0
       0
       0
       0
       0
       0
       0
       0
       0
       0
       0
       0
       0
       0
       0
       0
       0
       0
       0
       0
       0
       0
       0
       0
       0
       0
       0
       0
       0
       1
       0
       0
       0
       0
       0
       0
       0
       0
       0
       0
       0
       0
       0
       0
       0
       0
       0
       0
       0
       0
       0
       0
       0
       0
       0
       1
       0
       0
       0
       0
       0
       0
       0
       0
       0
       0
       0
       0
       0
       0
       1
       0
       0
       0
       0
       0
       0
       0
       0
       0
       0
       0
       0
       0
       0
       0
       0
       0
       0
       0
       0
       0
       0
       1
       0
       0
       0
       0
       0
       0
       0
       0
       0
       0
       0
       0
       0
       0
       0
       0
       0
       0
       0
       0
       0
       0
       0
       0
       0
       0
       0
       0
       0
       0
       0
       0
       0
       0
       0
       0
       0
       0
       0
       0
       0
       0
       0
       0
       0
       0
       0
$ROI:
0
$PRESETS:
None
0
0
$ENER_FIT:
-2.326062 0.088583
$MCA_CAL:
3
-2.326062E+000 8.858320E-002 -1.636990E-004 micr
$SHAPE_CAL:
3
0.000000E+000 0.000000E+000 0.000000E+000
