# Probe 8
# r[mm]         theta[deg]      theta[rad]                                     d[A]                                           d1/di                                        N     diamond    d1/di-bcc                             a                                            c2
 26.0    1.0    13.00    0.5    0.22689280275926285    0.008726646259971648    3.4293126664824580    0.1296254733462019500    1.0000000000000000    0.00000000000000000     3    1.000       0.00000000    0.00000000000000000    5.9397437733871215    0.22451790579078704    0.97437006478523520    0.001963068277066568
 38.0    1.0    19.00    0.5    0.33161255787892263    0.008726646259971648    2.3694808274054227    0.0600521718342613000    1.4472844121881119    0.06586501020391775     8    1.633      -0.18571559    0.06586501020391775    6.7019038437995440    0.16985319171594385    0.94551857559931680    0.002841118117459418
 53.0    1.0    26.50    0.5    0.46251225177849730    0.008726646259971648    1.7288912615314693    0.0302606879548681400    1.9835328819030170    0.08262401290956750    11    1.915       0.06853288    0.08262401290956750    5.7340836178240920    0.10036334784432471    0.89493436160202510    0.003893810476982241
 60.5    1.0    30.25    0.5    0.52796209872828470    0.008726646259971648    1.5312968417387820    0.0229140617583200070    2.2394826221860980    0.09104261276798371    16    2.309      -0.06951738    0.09104261276798371    6.1251873669551280    0.09165624703328003    0.86383550520439570    0.004396257292655385
 71.5    1.0    35.75    0.5    0.62395520758797280    0.008726646259971648    1.3203730277848749    0.0160056626534840070    2.5972301723215656    0.10309821618826424    19    2.517       0.08023017    0.10309821618826424    5.7553725958910920    0.06976706603093986    0.81157398196501230    0.005098540159524603
 78.5    1.0    39.25    0.5    0.68504173140777440    0.008726646259971648    1.2192524152636044    0.0130226906285222460    2.8126355326850305    0.11047841602345976    24    2.828      -0.01536447    0.11047841602345976    5.9730925701036295    0.06379789423600772    0.77439264408218560    0.005521395589164213
 88.5    1.0    44.25    0.5    0.77230819400749080    0.008726646259971648    1.1055288720556986    0.0099034967412257450    3.1019657226190316    0.12049978590120250    27    3.000       0.10196572    0.12049978590120250    5.7444965269043480    0.05146007858518739    0.71630194342465430    0.006089370506621295
 95.5    1.0    47.75    0.5    0.83339471782729240    0.008726646259971648    1.0421623996417504    0.0082609372094940150    3.2905741635481234    0.12708676649487222    32    3.266       0.02457416    0.12708676649487222    5.8953607990746120    0.04673091775831595    0.67236680743466800    0.006459621753796179
105.5    1.0    52.75    0.5    0.92066118042700880    0.008726646259971648    0.9691275870457963    0.0064310298933741180    3.5385564422287006    0.13580032726505550    35    3.416       0.12255644    0.13580032726505550    5.7334361249657490    0.03804648593669990    0.60529398804289440    0.006946427898348702
112.5    1.0    56.25    0.5    0.98174770424681030    0.008726646259971648    0.9277879655321694    0.0054098932273506680    3.6962245619508987    0.14136713092021796    40    3.651       0.04522456    0.14136713092021796    5.8678463135508990    0.03421516899349446    0.55557023301960230    0.007255941182480082
124.5    1.0    62.25    0.5    1.08646745936647000    0.008726646259971648    0.8716816680190246    0.0040021613724543510    3.9341342055246855    0.14980034278306215    43    3.786       0.14813421    0.14980034278306215    5.7159989507957790    0.02624392716420552    0.46561452032511150    0.007722974056587998
133.5    1.0    66.75    0.5    1.16500727570621490    0.008726646259971648    0.8396113191755322    0.0031479237529963926    4.0844049956948160    0.15514508260367543    48    4.000       0.08440500    0.15514508260367543    5.8169978536878040    0.02180945551417061    0.39474385638426734    0.008017965877740707
151.5    1.0    75.75    0.5    1.32208690838570450    0.008726646259971648    0.7959171465480803    0.0017639798796324515    4.3086302152874870    0.16314273189289740    51    4.123       0.18563022    0.16314273189289740    5.6839853371231670    0.01259733605978478    0.24615329302899316    0.008458135293241366
