# Salz 2
# r[mm]         theta[deg]     theta[rad]                                     d[A]                                           d1/di                                        N     bcc      d1/di-bcc                                       a                           c2
 31.0    1.0    15.5    0.5    0.27052603405912107    0.008726646259971648    2.8866643755315247    0.0908354468297264000    1.0000000000000000    0.00000000000000000     2    1.000     0.000000000000000000    0.00000000000000000    4.08235991    0.12846072    0.92858365    0.00449456
 45.0    1.0    22.5    0.5    0.39269908169872414    0.008726646259971648    2.0158372031743420    0.0424696335122602000    1.4319928072494592    0.05422790907028785     4    1.414     0.017992807249459286    0.05422790907028785    4.03167441    0.08493927    0.85355339    0.00617067
 55.0    1.0    27.5    0.5    0.47996554429844060    0.008726646259971648    1.6706655480681152    0.0280065886637649660    1.7278529379321537    0.06160496674762412     6    1.732    -0.004147062067846319    0.06160496674762412    4.09227812    0.06860185    0.78678822    0.00714845
 64.0    1.0    32.0    0.5    0.55850536063818550    0.008726646259971648    1.4557453409742680    0.0203302891980012560    1.9829459825711027    0.06826709508395619     8    2.000    -0.017054017428897340    0.06826709508395619    4.11746961    0.05750274    0.71918557    0.00784346
 73.0    1.0    36.5    0.5    0.63704517697793030    0.008726646259971648    1.2969030729525268    0.0152948779781303910    2.2258135058310490    0.07479770079622863    10    2.236    -0.010186494168951121    0.07479770079622863    4.10116762    0.04836665    0.64618585    0.00834533
 89.0    1.0    44.5    0.5    0.77667151713747660    0.008726646259971648    1.1006096499103788    0.0097737435989463890    2.6227867216742850    0.08575545200499009    14    2.646    -0.023213278325715070    0.08575545200499009    4.11810423    0.03657000    0.50872620    0.00872532
102.0    1.0    51.0    0.5    0.89011791851710810    0.008726646259971648    0.9926417150180513    0.0070147000209796380    2.9080627298430937    0.09378794471144970    16    2.828     0.080062729843093820    0.09378794471144970    3.97056686    0.02805880    0.39604415    0.00853595
106.0    1.0    53.0    0.5    0.92502450355699460    0.008726646259971648    0.9659318804323118    0.0063519676912413750    2.9884761379234850    0.09607069268390186    18    3.000    -0.011523862076515012    0.09607069268390186    4.09810190    0.02694912    0.36218132    0.00838859
114.0    1.0    57.0    0.5    0.99483767363676790    0.008726646259971648    0.9198218340842029    0.0052127686237932400    3.1382864252244653    0.10034204821283835    20    3.162    -0.023713574775534596    0.10034204821283835    4.11356830    0.02331221    0.29663168    0.00797219
123.0    1.0    61.5    0.5    1.07337748997651270    0.008726646259971648    0.8778020920226750    0.0041591863577790350    3.2885138936954794    0.10464707665494113    22    3.317    -0.028486106304520753    0.10464707665494113    4.11725677    0.01950831    0.22768048    0.00731878
133.0    1.0    66.5    0.5    1.16064395257622900    0.008726646259971648    0.8411962548006807    0.0031918803135806210    3.4316181973676434    0.10876589261676690    24    3.464    -0.032381802632356570    0.10876589261676690    4.12100320    0.01563696    0.15900082    0.00638227
145.0    1.0    72.5    0.5    1.26536370769588900    0.008726646259971648    0.8088642016845627    0.0022255906571659145    3.5687874052525483    0.11272848875020534    26    3.606    -0.037212594747451530    0.11272848875020534    4.12441435    0.01134833    0.09042398    0.00500540
