# Messwerte zum FP-Versuch 47
# 18.05.2016
#
# R[Ohm] U[V] I[mA]  t[s] T[K]         dT[K]      alpha[1/K]      dalpha[1/K]      diffT[K]   ddiffT[K]            Cp[J/(K mol)]  dCp[J/(K mol)]  Cv[J/(K mol)]  dCv[J/(K mol)]  debyeFunc   thetaD[K]      dthetaD[K]
#23.3    0.00    0.0    0   84.3542726  0.2358444  9.06273795e-06  6.39437736e-08   -          -                    -              -
26.8   15.75  150.5  300   92.6252416  0.2367824  9.98679422e-06  5.85114586e-08   8.2709690  0.33419827342630004  15.97511643    0.64785257      15.89256572    0.64785333      #3.2         228.77346059   3.23717993
30.4   15.91  151.8  300  101.1667744  0.2377472  1.07824899e-05  5.41588326e-08   8.5415328  0.33554379156467790  15.76120818    0.62155067      15.65610514    0.62155162      #3.2         251.12172542   3.59846708
33.8   16.02  152.6  300  109.2656696  0.2386584  1.14220519e-05  5.08807758e-08   8.0988952  0.33687024653180636  16.82575780    0.70226938      16.69837486    0.70227035      #3.0         259.81070905   4.07021066
36.9   16.09  153.1  300  116.6769574  0.2394892  1.19295136e-05  4.84215824e-08   7.4112878  0.33810192073870271  18.52767498    0.84764786      18.37929687    0.84764877      #2.6         256.18727112   4.51831152
39.9   16.15  153.5  300  123.8736934  0.2402932  1.23641738e-05  4.64164974e-08   7.1967360  0.33925786487991694  19.20121462    0.90757936      19.03199584    0.90758031      #2.4         261.76546937   4.89272105
42.9   16.20  153.8  300  131.0945494  0.2410972  1.27523272e-05  4.47062501e-08   7.2208560  0.34039489099291720  19.23384150    0.90912070      19.04333807    0.90912175      #2.4         276.96931508   5.30520747
46.0   17.17  162.9  300  138.5814400  0.2419280  1.31120685e-05  4.31900008e-08   7.4868906  0.34155089962089102  20.82443655    0.95270347      20.61153111    0.95270457      #2.0         268.35062888   5.09187031
49.2   17.22  163.3  300  146.3368576  0.2427856  1.34458981e-05  4.18432481e-08   7.7554176  0.34274480995539519  20.21145184    0.89592933      19.97503815    0.89593062      #2.2         295.58998340   5.56399285
52.8   18.80  178.2  300  155.0945056  0.2437504  1.37827320e-05  4.05443243e-08   8.7576480  0.34403358130787171  21.32364436    0.84084537      21.06037137    0.84084690      #1.9         293.12300559   5.03001669
56.3   18.84  178.5  300  163.6421846  0.2446884  1.40767236e-05  3.94608040e-08   8.5476790  0.34537902454364533  21.93079027    0.88931066      21.64103075    0.88931225      #1.7         295.33158453   5.32495314
59.8   18.87  178.7  300  172.2226936  0.2456264  1.43424936e-05  3.85223611e-08   8.5805090  0.34670555442842277  21.90618589    0.88831249      21.58960917    0.88831423
63.1   18.90  179.0  300  180.3429574  0.2465108  1.45707164e-05  3.77481989e-08   8.1202638  0.34799411330308450  23.22352093    0.99841057      22.88138375    0.99841225
66.4   18.92  179.2  300  188.4924064  0.2473952  1.47799896e-05  3.70645101e-08   8.1494490  0.34924484176531512  23.19072138    0.99700012      22.82277767    0.99700194
69.8   19.18  181.5  300  196.9193336  0.2483064  1.49781722e-05  3.64405353e-08   8.4269272  0.35051455499593737  23.02710584    0.96103238      22.63233482    0.96103443
73.2   19.20  181.7  300  205.3772416  0.2492176  1.51607301e-05  3.58862831e-08   8.4579080  0.35180318422481621  22.99199023    0.95956649      22.57016571    0.95956870
76.5   19.21  181.8  300  213.6160150  0.2501020  1.53246588e-05  3.54056136e-08   8.2387734  0.35307282896558323  23.62882102    1.01582984      23.18053550    1.01583209
80.0   19.22  181.8  300  222.3860000  0.2510400  1.54858109e-05  3.49490068e-08   8.7699850  0.35436152726276593  22.20914189    0.90059184      21.73258515    0.90059457
83.2   19.22  181.9  300  230.4330016  0.2518976  1.56228866e-05  3.45732024e-08   8.0470016  0.35563110449700541  24.21783756    1.07348545      23.71525605    1.07348790
85.9   19.22  182.0  300  237.2440054  0.2526212  1.57316417e-05  3.42833656e-08   6.8110038  0.35674903163876981  28.62839599    1.50269727      28.10373036    1.50269911
88.5   19.23  182.0  300  243.8212150  0.2533180  1.58308970e-05  3.40253374e-08   6.5772096  0.35775337847942118  29.66144861    1.61655410      29.11541194    1.61655590
91.7   19.74  187.3  300  251.9411126  0.2541756  1.59462844e-05  3.37332289e-08   8.1198976  0.35885267835054535  25.38152664    1.12505843      24.80905059    1.12506119
94.5   19.89  188.4  300  259.0685350  0.2549260  1.60416073e-05  3.34983430e-08   7.1274224  0.35998958472622511  29.30667519    1.48358702      28.71094487    1.48358922
97.5   19.89  188.6  300  266.7283750  0.2557300  1.61383714e-05  3.32659059e-08   7.6598400  0.36108876800033535  27.29858526    1.29023660      26.67781929    1.29023928
100.7  19.90  188.7  300  274.9254566  0.2565876  1.62359498e-05  3.30376844e-08   8.1970816  0.36226375663839183  25.53577748    1.13189330      24.88817332    1.13189653
104.0  19.90  188.7  300  283.4074400  0.2574720  1.63309773e-05  3.28214334e-08   8.4819834  0.36349556704003971  24.67805487    1.06092597      24.00263339    1.06092962
107.3  19.90  188.8  300  291.9186086  0.2583564  1.64207811e-05  3.26225580e-08   8.5111686  0.36474629566996286  24.60646574    1.05784821      23.90308791    1.05785208
110.5  19.90  188.8  300  300.1997350  0.2592140  1.65032701e-05  3.24446153e-08   8.2811264  0.36597804198743944  25.29001109    1.12099940      24.55939440    1.12100326










