$SPEC_ID:
No sample description was entered.
$SPEC_REM:
DET# 1
DETDESC# PRAK01 Easy-MCA-2k SN 15071856
AP# Maestro Version 7.01
$DATE_MEA:
01/15/2002 00:29:47
$MEAS_TIM:
469 470
$DATA:
0 511
       0
       0
       0
       0
       0
       0
       0
       0
       0
       0
       0
       0
       0
       0
       0
       0
       0
       0
       0
       0
       0
       0
       0
       0
     300
    4017
    3952
    3914
    3926
    4071
    4041
    4148
    4111
    3705
    3062
    2367
    1987
    1576
    1567
    1585
    1601
    1661
    1837
    3325
    8147
   17448
   26056
   25020
   15428
    5958
    1737
     592
     307
     231
     136
      93
      47
      29
      22
      32
      28
      26
      31
      30
      20
      27
      32
      28
      19
      21
      18
      24
      30
      29
      21
      37
      29
      20
      12
      20
      17
      12
      18
      17
      15
       9
      11
      10
       7
       7
      18
      19
      16
      20
      20
      13
      25
      24
       7
      10
       9
       9
       8
       6
       7
       6
       9
       9
       9
       5
       6
       7
       4
       6
       3
       5
       4
       2
       2
       5
       2
       4
       2
       2
       4
       4
       0
       4
       2
       1
       1
       1
       1
       5
       1
       1
       3
       4
       4
       0
       4
       4
       2
       2
       1
       2
       1
       0
       2
       2
       2
       1
       2
       0
       0
       2
       2
       0
       0
       1
       2
       1
       1
       3
       5
       0
       4
       4
       1
       0
       2
       0
       1
       2
       2
       1
       2
       0
       1
       0
       0
       0
       0
       0
       0
       0
       0
       0
       1
       0
       0
       1
       1
       1
       0
       0
       0
       0
       0
       0
       0
       0
       0
       1
       0
       1
       1
       0
       0
       0
       0
       1
       0
       1
       0
       0
       0
       0
       1
       0
       0
       1
       0
       0
       1
       0
       0
       1
       0
       0
       0
       2
       0
       1
       1
       0
       2
       0
       0
       0
       0
       0
       1
       0
       0
       0
       0
       0
       0
       0
       0
       0
       0
       0
       0
       1
       0
       0
       0
       0
       0
       0
       0
       1
       0
       0
       0
       0
       0
       0
       0
       0
       1
       0
       1
       1
       0
       0
       0
       0
       0
       0
       0
       0
       0
       0
       0
       0
       1
       0
       2
       0
       0
       0
       0
       0
       0
       0
       0
       0
       0
       1
       0
       1
       0
       1
       0
       0
       0
       0
       0
       0
       0
       1
       0
       0
       1
       0
       0
       0
       0
       1
       0
       0
       1
       1
       0
       1
       0
       0
       0
       0
       0
       0
       0
       0
       0
       0
       0
       0
       0
       0
       0
       0
       0
       0
       0
       0
       1
       0
       0
       0
       0
       0
       0
       0
       0
       0
       0
       2
       0
       0
       0
       0
       0
       0
       1
       0
       0
       0
       0
       0
       0
       0
       1
       0
       0
       0
       0
       0
       0
       0
       1
       0
       0
       0
       0
       0
       0
       0
       0
       0
       0
       0
       0
       0
       0
       0
       0
       0
       0
       1
       0
       0
       0
       0
       0
       0
       0
       0
       0
       0
       0
       0
       0
       0
       0
       0
       0
       0
       0
       0
       0
       0
       0
       0
       1
       1
       0
       1
       0
       1
       1
       0
       0
       0
       0
       0
       0
       1
       0
       0
       0
       0
       0
       0
       0
       1
       0
       0
       0
       0
       0
       0
       0
       0
       0
       0
       0
       0
       0
       0
       1
       0
       0
       0
       0
       0
       0
       0
       0
       0
       0
       0
       0
       0
       0
       0
       0
       0
       0
       0
       0
       0
       0
       0
       0
       0
       0
       0
       0
       0
       0
       0
       0
       0
       0
       0
       0
       0
       0
       0
       0
       0
       0
       0
       0
       0
       0
       0
       0
       0
$ROI:
1
43 49
$PRESETS:
None
0
0
$ENER_FIT:
0.000000 0.000000
$MCA_CAL:
3
0.000000E+000 0.000000E+000 0.000000E+000 
$SHAPE_CAL:
3
0.000000E+000 0.000000E+000 0.000000E+000
